y z u v
-2.1000 -1.1000 -0.0241 -0.0045
-2.1000 -0.9897 -0.0257 -0.0030
-2.1000 -0.8793 -0.0271 -0.0012
-2.1000 -0.7690 -0.0282 0.0009
-2.1000 -0.6586 -0.0292 0.0034
-2.1000 -0.5483 -0.0297 0.0063
-2.1000 -0.4379 -0.0298 0.0094
-2.1000 -0.3276 -0.0293 0.0127
-2.1000 -0.2172 -0.0281 0.0162
-2.1000 -0.1069 -0.0263 0.0197
-2.1000 0.0034 -0.0237 0.0231
-2.1000 0.1138 -0.0204 0.0262
-2.1000 0.2241 -0.0165 0.0289
-2.1000 0.3345 -0.0121 0.0311
-2.1000 0.4448 -0.0072 0.0325
-2.1000 0.5552 -0.0022 0.0332
-2.1000 0.6655 0.0029 0.0332
-2.1000 0.7759 0.0079 0.0324
-2.1000 0.8862 0.0125 0.0309
-2.1000 0.9966 0.0166 0.0288
-2.1000 1.1069 0.0201 0.0262
-2.1000 1.2172 0.0229 0.0233
-2.1000 1.3276 0.0251 0.0202
-2.1000 1.4379 0.0265 0.0170
-2.1000 1.5483 0.0274 0.0139
-2.1000 1.6586 0.0276 0.0109
-2.1000 1.7690 0.0274 0.0082
-2.1000 1.8793 0.0269 0.0058
-2.1000 1.9897 0.0260 0.0036
-2.1000 2.1000 0.0249 0.0017
-1.9552 -1.1000 -0.0278 -0.0071
-1.9552 -0.9897 -0.0299 -0.0055
-1.9552 -0.8793 -0.0319 -0.0035
-1.9552 -0.7690 -0.0337 -0.0011
-1.9552 -0.6586 -0.0352 0.0019
-1.9552 -0.5483 -0.0363 0.0053
-1.9552 -0.4379 -0.0368 0.0092
-1.9552 -0.3276 -0.0366 0.0135
-1.9552 -0.2172 -0.0355 0.0180
-1.9552 -0.1069 -0.0334 0.0227
-1.9552 0.0034 -0.0304 0.0272
-1.9552 0.1138 -0.0263 0.0314
-1.9552 0.2241 -0.0213 0.0351
-1.9552 0.3345 -0.0156 0.0380
-1.9552 0.4448 -0.0092 0.0400
-1.9552 0.5552 -0.0025 0.0410
-1.9552 0.6655 0.0042 0.0409
-1.9552 0.7759 0.0107 0.0397
-1.9552 0.8862 0.0166 0.0376
-1.9552 0.9966 0.0218 0.0346
-1.9552 1.1069 0.0262 0.0310
-1.9552 1.2172 0.0296 0.0270
-1.9552 1.3276 0.0320 0.0229
-1.9552 1.4379 0.0335 0.0187
-1.9552 1.5483 0.0341 0.0147
-1.9552 1.6586 0.0341 0.0110
-1.9552 1.7690 0.0334 0.0076
-1.9552 1.8793 0.0323 0.0047
-1.9552 1.9897 0.0309 0.0022
-1.9552 2.1000 0.0292 0.0000
-1.8103 -1.1000 -0.0319 -0.0106
-1.8103 -0.9897 -0.0348 -0.0090
-1.8103 -0.8793 -0.0376 -0.0069
-1.8103 -0.7690 -0.0403 -0.0041
-1.8103 -0.6586 -0.0427 -0.0007
-1.8103 -0.5483 -0.0446 0.0035
-1.8103 -0.4379 -0.0459 0.0083
-1.8103 -0.3276 -0.0462 0.0138
-1.8103 -0.2172 -0.0454 0.0198
-1.8103 -0.1069 -0.0432 0.0260
-1.8103 0.0034 -0.0396 0.0322
-1.8103 0.1138 -0.0345 0.0380
-1.8103 0.2241 -0.0281 0.0432
-1.8103 0.3345 -0.0204 0.0472
-1.8103 0.4448 -0.0119 0.0500
-1.8103 0.5552 -0.0030 0.0514
-1.8103 0.6655 0.0060 0.0511
-1.8103 0.7759 0.0147 0.0494
-1.8103 0.8862 0.0225 0.0462
-1.8103 0.9966 0.0293 0.0420
-1.8103 1.1069 0.0347 0.0370
-1.8103 1.2172 0.0388 0.0315
-1.8103 1.3276 0.0414 0.0258
-1.8103 1.4379 0.0427 0.0203
-1.8103 1.5483 0.0430 0.0151
-1.8103 1.6586 0.0423 0.0104
-1.8103 1.7690 0.0408 0.0063
-1.8103 1.8793 0.0389 0.0028
-1.8103 1.9897 0.0367 -0.0001
-1.8103 2.1000 0.0342 -0.0024
-1.6655 -1.1000 -0.0365 -0.0153
-1.6655 -0.9897 -0.0403 -0.0138
-1.6655 -0.8793 -0.0443 -0.0117
-1.6655 -0.7690 -0.0483 -0.0087
-1.6655 -0.6586 -0.0520 -0.0048
-1.6655 -0.5483 -0.0552 0.0001
-1.6655 -0.4379 -0.0577 0.0062
-1.6655 -0.3276 -0.0590 0.0132
-1.6655 -0.2172 -0.0588 0.0211
-1.6655 -0.1069 -0.0567 0.0296
-1.6655 0.0034 -0.0525 0.0382
-1.6655 0.1138 -0.0461 0.0464
-1.6655 0.2241 -0.0377 0.0537
-1.6655 0.3345 -0.0274 0.0596
-1.6655 0.4448 -0.0158 0.0636
-1.6655 0.5552 -0.0035 0.0654
-1.6655 0.6655 0.0088 0.0650
-1.6655 0.7759 0.0206 0.0623
-1.6655 0.8862 0.0311 0.0577
-1.6655 0.9966 0.0399 0.0515
-1.6655 1.1069 0.0468 0.0443
-1.6655 1.2172 0.0515 0.0365
-1.6655 1.3276 0.0542 0.0287
-1.6655 1.4379 0.0551 0.0213
-1.6655 1.5483 0.0545 0.0146
-1.6655 1.6586 0.0527 0.0087
-1.6655 1.7690 0.0501 0.0038
-1.6655 1.8793 0.0469 -0.0003
-1.6655 1.9897 0.0435 -0.0035
-1.6655 2.1000 0.0400 -0.0059
-1.5207 -1.1000 -0.0414 -0.0214
-1.5207 -0.9897 -0.0465 -0.0203
-1.5207 -0.8793 -0.0520 -0.0184
-1.5207 -0.7690 -0.0577 -0.0155
-1.5207 -0.6586 -0.0633 -0.0112
-1.5207 -0.5483 -0.0686 -0.0055
-1.5207 -0.4379 -0.0731 0.0019
-1.5207 -0.3276 -0.0761 0.0109
-1.5207 -0.2172 -0.0772 0.0215
-1.5207 -0.1069 -0.0756 0.0332
-1.5207 0.0034 -0.0710 0.0454
-1.5207 0.1138 -0.0629 0.0572
-1.5207 0.2241 -0.0517 0.0679
-1.5207 0.3345 -0.0376 0.0765
-1.5207 0.4448 -0.0215 0.0823
-1.5207 0.5552 -0.0042 0.0849
-1.5207 0.6655 0.0131 0.0841
-1.5207 0.7759 0.0295 0.0800
-1.5207 0.8862 0.0439 0.0731
-1.5207 0.9966 0.0556 0.0639
-1.5207 1.1069 0.0643 0.0532
-1.5207 1.2172 0.0696 0.0421
-1.5207 1.3276 0.0720 0.0312
-1.5207 1.4379 0.0718 0.0213
-1.5207 1.5483 0.0696 0.0125
-1.5207 1.6586 0.0660 0.0052
-1.5207 1.7690 0.0615 -0.0006
-1.5207 1.8793 0.0565 -0.0051
-1.5207 1.9897 0.0515 -0.0085
-1.5207 2.1000 0.0466 -0.0109
-1.3759 -1.1000 -0.0464 -0.0293
-1.3759 -0.9897 -0.0531 -0.0291
-1.3759 -0.8793 -0.0606 -0.0278
-1.3759 -0.7690 -0.0686 -0.0253
-1.3759 -0.6586 -0.0771 -0.0210
-1.3759 -0.5483 -0.0855 -0.0147
-1.3759 -0.4379 -0.0932 -0.0059
-1.3759 -0.3276 -0.0994 0.0056
-1.3759 -0.2172 -0.1030 0.0197
-1.3759 -0.1069 -0.1029 0.0361
-1.3759 0.0034 -0.0981 0.0538
-1.3759 0.1138 -0.0880 0.0714
-1.3759 0.2241 -0.0727 0.0873
-1.3759 0.3345 -0.0530 0.1002
-1.3759 0.4448 -0.0299 0.1090
-1.3759 0.5552 -0.0051 0.1127
-1.3759 0.6655 0.0199 0.1113
-1.3759 0.7759 0.0432 0.1049
-1.3759 0.8862 0.0634 0.0941
-1.3759 0.9966 0.0793 0.0800
-1.3759 1.1069 0.0902 0.0641
-1.3759 1.2172 0.0959 0.0478
-1.3759 1.3276 0.0970 0.0324
-1.3759 1.4379 0.0945 0.0188
-1.3759 1.5483 0.0894 0.0076
-1.3759 1.6586 0.0827 -0.0012
-1.3759 1.7690 0.0753 -0.0078
-1.3759 1.8793 0.0678 -0.0126
-1.3759 1.9897 0.0605 -0.0158
-1.3759 2.1000 0.0537 -0.0177
-1.2310 -1.1000 -0.0511 -0.0394
-1.2310 -0.9897 -0.0598 -0.0405
-1.2310 -0.8793 -0.0697 -0.0406
-1.2310 -0.7690 -0.0809 -0.0393
-1.2310 -0.6586 -0.0932 -0.0358
-1.2310 -0.5483 -0.1063 -0.0296
-1.2310 -0.4379 -0.1193 -0.0197
-1.2310 -0.3276 -0.1311 -0.0055
-1.2310 -0.2172 -0.1397 0.0135
-1.2310 -0.1069 -0.1432 0.0368
-1.2310 0.0034 -0.1392 0.0631
-1.2310 0.1138 -0.1266 0.0900
-1.2310 0.2241 -0.1054 0.1146
-1.2310 0.3345 -0.0767 0.1345
-1.2310 0.4448 -0.0428 0.1477
-1.2310 0.5552 -0.0061 0.1533
-1.2310 0.6655 0.0306 0.1509
-1.2310 0.7759 0.0649 0.1407
-1.2310 0.8862 0.0942 0.1237
-1.2310 0.9966 0.1162 0.1015
-1.2310 1.1069 0.1297 0.0768
-1.2310 1.2172 0.1347 0.0522
-1.2310 1.3276 0.1326 0.0301
-1.2310 1.4379 0.1254 0.0119
-1.2310 1.5483 0.1152 -0.0022
-1.2310 1.6586 0.1036 -0.0124
-1.2310 1.7690 0.0918 -0.0192
-1.2310 1.8793 0.0806 -0.0235
-1.2310 1.9897 0.0703 -0.0259
-1.2310 2.1000 0.0612 -0.0269
-1.0862 -1.1000 -0.0551 -0.0519
-1.0862 -0.9897 -0.0658 -0.0552
-1.0862 -0.8793 -0.0786 -0.0577
-1.0862 -0.7690 -0.0937 -0.0589
-1.0862 -0.6586 -0.1113 -0.0577
-1.0862 -0.5483 -0.1312 -0.0531
-1.0862 -0.4379 -0.1527 -0.0434
-1.0862 -0.3276 -0.1741 -0.0269
-1.0862 -0.2172 -0.1928 -0.0020
-1.0862 -0.1069 -0.2043 0.0317
-1.0862 0.0034 -0.2040 0.0722
-1.0862 0.1138 -0.1884 0.1151
-1.0862 0.2241 -0.1574 0.1544
-1.0862 0.3345 -0.1141 0.1854
-1.0862 0.4448 -0.0627 0.2055
-1.0862 0.5552 -0.0075 0.2138
-1.0862 0.6655 0.0480 0.2100
-1.0862 0.7759 0.0999 0.1941
-1.0862 0.8862 0.1440 0.1668
-1.0862 0.9966 0.1758 0.1307
-1.0862 1.1069 0.1924 0.0906
-1.0862 1.2172 0.1940 0.0523
-1.0862 1.3276 0.1842 0.0202
-1.0862 1.4379 0.1676 -0.0039
-1.0862 1.5483 0.1482 -0.0205
-1.0862 1.6586 0.1287 -0.0308
-1.0862 1.7690 0.1105 -0.0366
-1.0862 1.8793 0.0943 -0.0392
-1.0862 1.9897 0.0803 -0.0397
-1.0862 2.1000 0.0684 -0.0389
-0.9414 -1.1000 -0.0574 -0.0669
-0.9414 -0.9897 -0.0702 -0.0735
-0.9414 -0.8793 -0.0860 -0.0799
-0.9414 -0.7690 -0.1057 -0.0855
-0.9414 -0.6586 -0.1298 -0.0892
-0.9414 -0.5483 -0.1589 -0.0894
-0.9414 -0.4379 -0.1932 -0.0834
-0.9414 -0.3276 -0.2314 -0.0675
-0.9414 -0.2172 -0.2699 -0.0371
-0.9414 -0.1069 -0.3007 0.0117
-0.9414 0.0034 -0.3117 0.0777
-0.9414 0.1138 -0.2925 0.1510
-0.9414 0.2241 -0.2432 0.2164
-0.9414 0.3345 -0.1733 0.2646
-0.9414 0.4448 -0.0932 0.2938
-0.9414 0.5552 -0.0092 0.3055
-0.9414 0.6655 0.0753 0.3004
-0.9414 0.7759 0.1565 0.2771
-0.9414 0.8862 0.2274 0.2337
-0.9414 0.9966 0.2774 0.1722
-0.9414 1.1069 0.2972 0.1025
-0.9414 1.2172 0.2875 0.0398
-0.9414 1.3276 0.2591 -0.0066
-0.9414 1.4379 0.2237 -0.0362
-0.9414 1.5483 0.1885 -0.0526
-0.9414 1.6586 0.1570 -0.0602
-0.9414 1.7690 0.1300 -0.0622
-0.9414 1.8793 0.1077 -0.0609
-0.9414 1.9897 0.0893 -0.0578
-0.9414 2.1000 0.0743 -0.0539
-0.7966 -1.1000 -0.0571 -0.0841
-0.7966 -0.9897 -0.0715 -0.0951
-0.7966 -0.8793 -0.0900 -0.1072
-0.7966 -0.7690 -0.1140 -0.1199
-0.7966 -0.6586 -0.1452 -0.1324
-0.7966 -0.5483 -0.1854 -0.1429
-0.7966 -0.4379 -0.2371 -0.1482
-0.7966 -0.3276 -0.3020 -0.1422
-0.7966 -0.2172 -0.3790 -0.1144
-0.7966 -0.1069 -0.4580 -0.0488
-0.7966 0.0034 -0.5081 0.0672
-0.7966 0.1138 -0.4834 0.2114
-0.7966 0.2241 -0.3868 0.3249
-0.7966 0.3345 -0.2640 0.3938
-0.7966 0.4448 -0.1370 0.4288
-0.7966 0.5552 -0.0115 0.4436
-0.7966 0.6655 0.1147 0.4393
-0.7966 0.7759 0.2445 0.4130
-0.7966 0.8862 0.3699 0.3500
-0.7966 0.9966 0.4666 0.2393
-0.7966 1.1069 0.4885 0.0999
-0.7966 1.2172 0.4391 -0.0094
-0.7966 1.3276 0.3644 -0.0710
-0.7966 1.4379 0.2927 -0.0983
-0.7966 1.5483 0.2326 -0.1062
-0.7966 1.6586 0.1848 -0.1042
-0.7966 1.7690 0.1475 -0.0976
-0.7966 1.8793 0.1184 -0.0891
-0.7966 1.9897 0.0957 -0.0803
-0.7966 2.1000 0.0780 -0.0718
-0.6517 -1.1000 -0.0532 -0.1026
-0.6517 -0.9897 -0.0682 -0.1192
-0.6517 -0.8793 -0.0882 -0.1387
-0.6517 -0.7690 -0.1152 -0.1615
-0.6517 -0.6586 -0.1520 -0.1875
-0.6517 -0.5483 -0.2026 -0.2163
-0.6517 -0.4379 -0.2729 -0.2458
-0.6517 -0.3276 -0.3717 -0.2708
-0.6517 -0.2172 -0.5114 -0.2779
-0.6517 -0.1069 -0.7054 -0.2312
-0.6517 0.0034 -0.9290 -0.0347
-0.6517 0.1138 -0.9104 0.3914
-0.6517 0.2241 -0.5851 0.5272
-0.6517 0.3345 -0.3975 0.6405
-0.6517 0.4448 -0.1826 0.5935
-0.6517 0.5552 -0.0096 0.6752
-0.6517 0.6655 0.1424 0.6154
-0.6517 0.7759 0.3847 0.6670
-0.6517 0.8862 0.5664 0.5783
-0.6517 0.9966 0.9072 0.4137
-0.6517 1.1069 0.8900 0.0037
-0.6517 1.2172 0.6720 -0.1709
-0.6517 1.3276 0.4905 -0.2119
-0.6517 1.4379 0.3611 -0.2069
-0.6517 1.5483 0.2700 -0.1874
-0.6517 1.6586 0.2049 -0.1646
-0.6517 1.7690 0.1578 -0.1428
-0.6517 1.8793 0.1232 -0.1232
-0.6517 1.9897 0.0973 -0.1062
-0.6517 2.1000 0.0778 -0.0917
-0.5069 -1.1000 -0.0448 -0.1209
-0.5069 -0.9897 -0.0588 -0.1438
-0.5069 -0.8793 -0.0782 -0.1721
-0.5069 -0.7690 -0.1052 -0.2073
-0.5069 -0.6586 -0.1436 -0.2511
-0.5069 -0.5483 -0.1988 -0.3057
-0.5069 -0.4379 -0.2798 -0.3738
-0.5069 -0.3276 -0.4020 -0.4586
-0.5069 -0.2172 -0.5945 -0.5639
-0.5069 -0.1069 -0.9243 -0.6948
-0.5069 0.0034 -1.6197 -0.8506
-0.5069 0.1138 0.0000 0.0000
-0.5069 0.2241 0.0000 0.0000
-0.5069 0.3345 0.0000 0.0000
-0.5069 0.4448 0.0000 0.0000
-0.5069 0.5552 0.0000 0.0000
-0.5069 0.6655 0.0000 0.0000
-0.5069 0.7759 0.0000 0.0000
-0.5069 0.8862 0.0000 0.0000
-0.5069 0.9966 0.0000 0.0000
-0.5069 1.1069 1.4974 -0.7338
-0.5069 1.2172 0.8717 -0.5794
-0.5069 1.3276 0.5702 -0.4574
-0.5069 1.4379 0.3940 -0.3641
-0.5069 1.5483 0.2820 -0.2926
-0.5069 1.6586 0.2071 -0.2373
-0.5069 1.7690 0.1554 -0.1942
-0.5069 1.8793 0.1188 -0.1604
-0.5069 1.9897 0.0923 -0.1336
-0.5069 2.1000 0.0727 -0.1122
-0.3621 -1.1000 -0.0317 -0.1373
-0.3621 -0.9897 -0.0428 -0.1663
-0.3621 -0.8793 -0.0587 -0.2034
-0.3621 -0.7690 -0.0815 -0.2515
-0.3621 -0.6586 -0.1150 -0.3146
-0.3621 -0.5483 -0.1646 -0.3983
-0.3621 -0.4379 -0.2391 -0.5112
-0.3621 -0.3276 -0.3525 -0.6672
-0.3621 -0.2172 -0.5263 -0.8926
-0.3621 -0.1069 -0.7888 -1.2471
-0.3621 0.0034 -1.1288 -1.8855
-0.3621 0.1138 -1.1372 -2.9534
-0.3621 0.2241 -0.6581 -3.4093
-0.3621 0.3345 -0.4697 -3.7954
-0.3621 0.4448 -0.2094 -3.7634
-0.3621 0.5552 -0.0253 -3.9350
-0.3621 0.6655 0.1156 -3.7170
-0.3621 0.7759 0.4318 -3.6718
-0.3621 0.8862 0.6092 -3.2686
-0.3621 0.9966 1.1291 -2.7052
-0.3621 1.1069 1.0712 -1.6485
-0.3621 1.2172 0.7511 -1.0525
-0.3621 1.3276 0.5127 -0.7293
-0.3621 1.4379 0.3559 -0.5319
-0.3621 1.5483 0.2528 -0.4011
-0.3621 1.6586 0.1836 -0.3101
-0.3621 1.7690 0.1363 -0.2444
-0.3621 1.8793 0.1031 -0.1958
-0.3621 1.9897 0.0794 -0.1591
-0.3621 2.1000 0.0621 -0.1309
-0.2172 -1.1000 -0.0143 -0.1495
-0.2172 -0.9897 -0.0207 -0.1834
-0.2172 -0.8793 -0.0301 -0.2279
-0.2172 -0.7690 -0.0443 -0.2870
-0.2172 -0.6586 -0.0659 -0.3669
-0.2172 -0.5483 -0.0990 -0.4760
-0.2172 -0.4379 -0.1496 -0.6273
-0.2172 -0.3276 -0.2256 -0.8388
-0.2172 -0.2172 -0.3333 -1.1368
-0.2172 -0.1069 -0.4658 -1.5535
-0.2172 0.0034 -0.5743 -2.1048
-0.2172 0.1138 -0.5688 -2.7088
-0.2172 0.2241 -0.4531 -3.1866
-0.2172 0.3345 -0.3144 -3.4875
-0.2172 0.4448 -0.1831 -3.6304
-0.2172 0.5552 -0.0603 -3.6502
-0.2172 0.6655 0.0668 -3.5486
-0.2172 0.7759 0.2134 -3.3253
-0.2172 0.8862 0.3742 -2.9518
-0.2172 0.9966 0.5142 -2.4202
-0.2172 1.1069 0.5394 -1.8034
-0.2172 1.2172 0.4542 -1.2791
-0.2172 1.3276 0.3441 -0.9067
-0.2172 1.4379 0.2515 -0.6552
-0.2172 1.5483 0.1832 -0.4849
-0.2172 1.6586 0.1348 -0.3672
-0.2172 1.7690 0.1007 -0.2839
-0.2172 1.8793 0.0765 -0.2236
-0.2172 1.9897 0.0591 -0.1791
-0.2172 2.1000 0.0463 -0.1455
-0.0724 -1.1000 0.0059 -0.1556
-0.0724 -0.9897 0.0058 -0.1923
-0.0724 -0.8793 0.0049 -0.2411
-0.0724 -0.7690 0.0029 -0.3070
-0.0724 -0.6586 -0.0015 -0.3974
-0.0724 -0.5483 -0.0100 -0.5230
-0.0724 -0.4379 -0.0256 -0.6989
-0.0724 -0.3276 -0.0524 -0.9441
-0.0724 -0.2172 -0.0939 -1.2775
-0.0724 -0.1069 -0.1475 -1.7061
-0.0724 0.0034 -0.1971 -2.2036
-0.0724 0.1138 -0.2191 -2.6997
-0.0724 0.2241 -0.2071 -3.1100
-0.0724 0.3345 -0.1747 -3.3876
-0.0724 0.4448 -0.1351 -3.5260
-0.0724 0.5552 -0.0927 -3.5326
-0.0724 0.6655 -0.0452 -3.4104
-0.0724 0.7759 0.0118 -3.1566
-0.0724 0.8862 0.0772 -2.7738
-0.0724 0.9966 0.1373 -2.2919
-0.0724 1.1069 0.1693 -1.7813
-0.0724 1.2172 0.1664 -1.3252
-0.0724 1.3276 0.1429 -0.9682
-0.0724 1.4379 0.1146 -0.7088
-0.0724 1.5483 0.0892 -0.5258
-0.0724 1.6586 0.0691 -0.3970
-0.0724 1.7690 0.0537 -0.3054
-0.0724 1.8793 0.0421 -0.2392
-0.0724 1.9897 0.0334 -0.1904
-0.0724 2.1000 0.0269 -0.1539
0.0724 -1.1000 0.0270 -0.1545
0.0724 -0.9897 0.0335 -0.1912
0.0724 -0.8793 0.0422 -0.2402
0.0724 -0.7690 0.0538 -0.3068
0.0724 -0.6586 0.0692 -0.3989
0.0724 -0.5483 0.0895 -0.5285
0.0724 -0.4379 0.1148 -0.7126
0.0724 -0.3276 0.1433 -0.9735
0.0724 -0.2172 0.1668 -1.3322
0.0724 -0.1069 0.1697 -1.7897
0.0724 0.0034 0.1376 -2.3008
0.0724 0.1138 0.0775 -2.7817
0.0724 0.2241 0.0119 -3.1625
0.0724 0.3345 -0.0451 -3.4139
0.0724 0.4448 -0.0927 -3.5338
0.0724 0.5552 -0.1351 -3.5248
0.0724 0.6655 -0.1747 -3.3841
0.0724 0.7759 -0.2072 -3.1042
0.0724 0.8862 -0.2193 -2.6919
0.0724 0.9966 -0.1974 -2.1949
0.0724 1.1069 -0.1479 -1.6978
0.0724 1.2172 -0.0943 -1.2706
0.0724 1.3276 -0.0527 -0.9388
0.0724 1.4379 -0.0259 -0.6951
0.0724 1.5483 -0.0102 -0.5203
0.0724 1.6586 -0.0017 -0.3955
0.0724 1.7690 0.0027 -0.3056
0.0724 1.8793 0.0048 -0.2401
0.0724 1.9897 0.0057 -0.1915
0.0724 2.1000 0.0058 -0.1550
0.2172 -1.1000 0.0464 -0.1460
0.2172 -0.9897 0.0592 -0.1798
0.2172 -0.8793 0.0766 -0.2246
0.2172 -0.7690 0.1008 -0.2852
0.2172 -0.6586 0.1350 -0.3689
0.2172 -0.5483 0.1834 -0.4873
0.2172 -0.4379 0.2518 -0.6585
0.2172 -0.3276 0.3444 -0.9111
0.2172 -0.2172 0.4545 -1.2848
0.2172 -0.1069 0.5397 -1.8101
0.2172 0.0034 0.5145 -2.4272
0.2172 0.1138 0.3744 -2.9581
0.2172 0.2241 0.2135 -3.3300
0.2172 0.3345 0.0669 -3.5515
0.2172 0.4448 -0.0602 -3.6511
0.2172 0.5552 -0.1831 -3.6295
0.2172 0.6655 -0.3145 -3.4847
0.2172 0.7759 -0.4532 -3.1820
0.2172 0.8862 -0.5690 -2.7028
0.2172 0.9966 -0.5745 -2.0981
0.2172 1.1069 -0.4661 -1.5470
0.2172 1.2172 -0.3336 -1.1312
0.2172 1.3276 -0.2258 -0.8345
0.2172 1.4379 -0.1498 -0.6240
0.2172 1.5483 -0.0992 -0.4736
0.2172 1.6586 -0.0661 -0.3651
0.2172 1.7690 -0.0445 -0.2857
0.2172 1.8793 -0.0302 -0.2269
0.2172 1.9897 -0.0208 -0.1827
0.2172 2.1000 -0.0144 -0.1489
0.3621 -1.1000 0.0622 -0.1314
0.3621 -0.9897 0.0795 -0.1598
0.3621 -0.8793 0.1032 -0.1966
0.3621 -0.7690 0.1364 -0.2455
0.3621 -0.6586 0.1838 -0.3115
0.3621 -0.5483 0.2529 -0.4031
0.3621 -0.4379 0.3561 -0.5345
0.3621 -0.3276 0.5129 -0.7326
0.3621 -0.2172 0.7514 -1.0565
0.3621 -0.1069 1.0715 -1.6530
0.3621 0.0034 1.1293 -2.7099
0.3621 0.1138 0.6094 -3.2727
0.3621 0.2241 0.4319 -3.6750
0.3621 0.3345 0.1157 -3.7190
0.3621 0.4448 -0.0253 -3.9357
0.3621 0.5552 -0.2094 -3.7628
0.3621 0.6655 -0.4697 -3.7935
0.3621 0.7759 -0.6581 -3.4062
0.3621 0.8862 -1.1374 -2.9494
0.3621 0.9966 -1.1290 -1.8810
0.3621 1.1069 -0.7891 -1.2427
0.3621 1.2172 -0.5265 -0.8887
0.3621 1.3276 -0.3527 -0.6640
0.3621 1.4379 -0.2393 -0.5087
0.3621 1.5483 -0.1647 -0.3964
0.3621 1.6586 -0.1151 -0.3131
0.3621 1.7690 -0.0816 -0.2504
0.3621 1.8793 -0.0588 -0.2025
0.3621 1.9897 -0.0429 -0.1656
0.3621 2.1000 -0.0317 -0.1368
0.5069 -1.1000 0.0728 -0.1126
0.5069 -0.9897 0.0923 -0.1341
0.5069 -0.8793 0.1189 -0.1611
0.5069 -0.7690 0.1555 -0.1951
0.5069 -0.6586 0.2073 -0.2384
0.5069 -0.5483 0.2821 -0.2940
0.5069 -0.4379 0.3942 -0.3660
0.5069 -0.3276 0.5703 -0.4596
0.5069 -0.2172 0.8719 -0.5820
0.5069 -0.1069 1.4976 -0.7366
0.5069 0.0034 0.0000 0.0000
0.5069 0.1138 0.0000 0.0000
0.5069 0.2241 0.0000 0.0000
0.5069 0.3345 0.0000 0.0000
0.5069 0.4448 0.0000 0.0000
0.5069 0.5552 0.0000 0.0000
0.5069 0.6655 0.0000 0.0000
0.5069 0.7759 0.0000 0.0000
0.5069 0.8862 0.0000 0.0000
0.5069 0.9966 -1.6198 -0.8479
0.5069 1.1069 -0.9245 -0.6921
0.5069 1.2172 -0.5947 -0.5613
0.5069 1.3276 -0.4022 -0.4563
0.5069 1.4379 -0.2800 -0.3720
0.5069 1.5483 -0.1989 -0.3042
0.5069 1.6586 -0.1437 -0.2499
0.5069 1.7690 -0.1053 -0.2063
0.5069 1.8793 -0.0783 -0.1714
0.5069 1.9897 -0.0589 -0.1432
0.5069 2.1000 -0.0449 -0.1205
0.6517 -1.1000 0.0779 -0.0921
0.6517 -0.9897 0.0974 -0.1067
0.6517 -0.8793 0.1233 -0.1237
0.6517 -0.7690 0.1579 -0.1435
0.6517 -0.6586 0.2050 -0.1655
0.6517 -0.5483 0.2701 -0.1884
0.6517 -0.4379 0.3612 -0.2082
0.6517 -0.3276 0.4906 -0.2134
0.6517 -0.2172 0.6721 -0.1725
0.6517 -0.1069 0.8901 0.0020
0.6517 0.0034 0.9073 0.4120
0.6517 0.1138 0.5665 0.5768
0.6517 0.2241 0.3847 0.6659
0.6517 0.3345 0.1424 0.6147
0.6517 0.4448 -0.0096 0.6749
0.6517 0.5552 -0.1826 0.5938
0.6517 0.6655 -0.3975 0.6413
0.6517 0.7759 -0.5852 0.5284
0.6517 0.8862 -0.9104 0.3928
0.6517 0.9966 -0.9291 -0.0330
0.6517 1.1069 -0.7055 -0.2295
0.6517 1.2172 -0.5115 -0.2763
0.6517 1.3276 -0.3718 -0.2693
0.6517 1.4379 -0.2730 -0.2445
0.6517 1.5483 -0.2027 -0.2152
0.6517 1.6586 -0.1521 -0.1866
0.6517 1.7690 -0.1153 -0.1608
0.6517 1.8793 -0.0883 -0.1381
0.6517 1.9897 -0.0682 -0.1187
0.6517 2.1000 -0.0532 -0.1022
0.7966 -1.1000 0.0780 -0.0720
0.7966 -0.9897 0.0958 -0.0806
0.7966 -0.8793 0.1184 -0.0895
0.7966 -0.7690 0.1475 -0.0981
0.7966 -0.6586 0.1849 -0.1048
0.7966 -0.5483 0.2327 -0.1069
0.7966 -0.4379 0.2927 -0.0991
0.7966 -0.3276 0.3645 -0.0720
0.7966 -0.2172 0.4391 -0.0105
0.7966 -0.1069 0.4885 0.0989
0.7966 0.0034 0.4667 0.2383
0.7966 0.1138 0.3699 0.3491
0.7966 0.2241 0.2445 0.4124
0.7966 0.3345 0.1147 0.4389
0.7966 0.4448 -0.0115 0.4435
0.7966 0.5552 -0.1370 0.4289
0.7966 0.6655 -0.2640 0.3943
0.7966 0.7759 -0.3869 0.3256
0.7966 0.8862 -0.4834 0.2123
0.7966 0.9966 -0.5081 0.0683
0.7966 1.1069 -0.4581 -0.0477
0.7966 1.2172 -0.3791 -0.1133
0.7966 1.3276 -0.3021 -0.1412
0.7966 1.4379 -0.2372 -0.1473
0.7966 1.5483 -0.1855 -0.1421
0.7966 1.6586 -0.1452 -0.1317
0.7966 1.7690 -0.1141 -0.1193
0.7966 1.8793 -0.0901 -0.1067
0.7966 1.9897 -0.0715 -0.0947
0.7966 2.1000 -0.0572 -0.0837
0.9414 -1.1000 0.0744 -0.0541
0.9414 -0.9897 0.0894 -0.0581
0.9414 -0.8793 0.1077 -0.0612
0.9414 -0.7690 0.1301 -0.0625
0.9414 -0.6586 0.1570 -0.0606
0.9414 -0.5483 0.1885 -0.0531
0.9414 -0.4379 0.2237 -0.0368
0.9414 -0.3276 0.2592 -0.0072
0.9414 -0.2172 0.2876 0.0392
0.9414 -0.1069 0.2973 0.1019
0.9414 0.0034 0.2775 0.1716
0.9414 0.1138 0.2274 0.2332
0.9414 0.2241 0.1565 0.2767
0.9414 0.3345 0.0754 0.3002
0.9414 0.4448 -0.0091 0.3055
0.9414 0.5552 -0.0933 0.2939
0.9414 0.6655 -0.1734 0.2649
0.9414 0.7759 -0.2432 0.2169
0.9414 0.8862 -0.2926 0.1516
0.9414 0.9966 -0.3118 0.0784
0.9414 1.1069 -0.3007 0.0124
0.9414 1.2172 -0.2699 -0.0364
0.9414 1.3276 -0.2315 -0.0668
0.9414 1.4379 -0.1932 -0.0827
0.9414 1.5483 -0.1590 -0.0888
0.9414 1.6586 -0.1298 -0.0887
0.9414 1.7690 -0.1057 -0.0850
0.9414 1.8793 -0.0861 -0.0795
0.9414 1.9897 -0.0702 -0.0731
0.9414 2.1000 -0.0575 -0.0666
1.0862 -1.1000 0.0684 -0.0391
1.0862 -0.9897 0.0804 -0.0399
1.0862 -0.8793 0.0944 -0.0395
1.0862 -0.7690 0.1105 -0.0369
1.0862 -0.6586 0.1287 -0.0311
1.0862 -0.5483 0.1482 -0.0208
1.0862 -0.4379 0.1677 -0.0043
1.0862 -0.3276 0.1843 0.0198
1.0862 -0.2172 0.1941 0.0519
1.0862 -0.1069 0.1924 0.0902
1.0862 0.0034 0.1758 0.1304
1.0862 0.1138 0.1440 0.1665
1.0862 0.2241 0.0999 0.1939
1.0862 0.3345 0.0480 0.2099
1.0862 0.4448 -0.0074 0.2138
1.0862 0.5552 -0.0627 0.2056
1.0862 0.6655 -0.1141 0.1856
1.0862 0.7759 -0.1574 0.1547
1.0862 0.8862 -0.1884 0.1155
1.0862 0.9966 -0.2040 0.0727
1.0862 1.1069 -0.2043 0.0321
1.0862 1.2172 -0.1928 -0.0015
1.0862 1.3276 -0.1742 -0.0264
1.0862 1.4379 -0.1527 -0.0430
1.0862 1.5483 -0.1312 -0.0527
1.0862 1.6586 -0.1114 -0.0574
1.0862 1.7690 -0.0938 -0.0585
1.0862 1.8793 -0.0786 -0.0574
1.0862 1.9897 -0.0658 -0.0550
1.0862 2.1000 -0.0551 -0.0517
1.2310 -1.1000 0.0612 -0.0271
1.2310 -0.9897 0.0704 -0.0261
1.2310 -0.8793 0.0806 -0.0237
1.2310 -0.7690 0.0918 -0.0194
1.2310 -0.6586 0.1036 -0.0126
1.2310 -0.5483 0.1152 -0.0024
1.2310 -0.4379 0.1255 0.0116
1.2310 -0.3276 0.1327 0.0298
1.2310 -0.2172 0.1348 0.0519
1.2310 -0.1069 0.1297 0.0765
1.2310 0.0034 0.1162 0.1013
1.2310 0.1138 0.0942 0.1235
1.2310 0.2241 0.0649 0.1406
1.2310 0.3345 0.0306 0.1508
1.2310 0.4448 -0.0061 0.1533
1.2310 0.5552 -0.0428 0.1478
1.2310 0.6655 -0.0767 0.1346
1.2310 0.7759 -0.1054 0.1148
1.2310 0.8862 -0.1267 0.0902
1.2310 0.9966 -0.1392 0.0634
1.2310 1.1069 -0.1432 0.0371
1.2310 1.2172 -0.1398 0.0138
1.2310 1.3276 -0.1311 -0.0051
1.2310 1.4379 -0.1194 -0.0194
1.2310 1.5483 -0.1063 -0.0293
1.2310 1.6586 -0.0933 -0.0356
1.2310 1.7690 -0.0809 -0.0390
1.2310 1.8793 -0.0697 -0.0404
1.2310 1.9897 -0.0598 -0.0403
1.2310 2.1000 -0.0512 -0.0392
1.3759 -1.1000 0.0538 -0.0179
1.3759 -0.9897 0.0606 -0.0159
1.3759 -0.8793 0.0678 -0.0127
1.3759 -0.7690 0.0754 -0.0080
1.3759 -0.6586 0.0827 -0.0014
1.3759 -0.5483 0.0894 0.0075
1.3759 -0.4379 0.0945 0.0187
1.3759 -0.3276 0.0970 0.0322
1.3759 -0.2172 0.0959 0.0476
1.3759 -0.1069 0.0902 0.0639
1.3759 0.0034 0.0793 0.0799
1.3759 0.1138 0.0635 0.0940
1.3759 0.2241 0.0432 0.1048
1.3759 0.3345 0.0199 0.1113
1.3759 0.4448 -0.0051 0.1128
1.3759 0.5552 -0.0299 0.1090
1.3759 0.6655 -0.0530 0.1004
1.3759 0.7759 -0.0728 0.0875
1.3759 0.8862 -0.0880 0.0715
1.3759 0.9966 -0.0981 0.0540
1.3759 1.1069 -0.1029 0.0363
1.3759 1.2172 -0.1030 0.0200
1.3759 1.3276 -0.0994 0.0058
1.3759 1.4379 -0.0932 -0.0057
1.3759 1.5483 -0.0855 -0.0145
1.3759 1.6586 -0.0771 -0.0208
1.3759 1.7690 -0.0687 -0.0251
1.3759 1.8793 -0.0606 -0.0276
1.3759 1.9897 -0.0531 -0.0289
1.3759 2.1000 -0.0464 -0.0292
1.5207 -1.1000 0.0466 -0.0110
1.5207 -0.9897 0.0515 -0.0086
1.5207 -0.8793 0.0566 -0.0052
1.5207 -0.7690 0.0615 -0.0007
1.5207 -0.6586 0.0660 0.0051
1.5207 -0.5483 0.0696 0.0124
1.5207 -0.4379 0.0718 0.0211
1.5207 -0.3276 0.0720 0.0311
1.5207 -0.2172 0.0697 0.0420
1.5207 -0.1069 0.0643 0.0532
1.5207 0.0034 0.0557 0.0638
1.5207 0.1138 0.0439 0.0730
1.5207 0.2241 0.0295 0.0800
1.5207 0.3345 0.0131 0.0841
1.5207 0.4448 -0.0042 0.0850
1.5207 0.5552 -0.0215 0.0824
1.5207 0.6655 -0.0376 0.0766
1.5207 0.7759 -0.0517 0.0680
1.5207 0.8862 -0.0629 0.0574
1.5207 0.9966 -0.0710 0.0455
1.5207 1.1069 -0.0756 0.0333
1.5207 1.2172 -0.0772 0.0217
1.5207 1.3276 -0.0762 0.0111
1.5207 1.4379 -0.0731 0.0021
1.5207 1.5483 -0.0687 -0.0053
1.5207 1.6586 -0.0634 -0.0111
1.5207 1.7690 -0.0577 -0.0153
1.5207 1.8793 -0.0520 -0.0183
1.5207 1.9897 -0.0465 -0.0202
1.5207 2.1000 -0.0414 -0.0213
1.6655 -1.1000 0.0401 -0.0060
1.6655 -0.9897 0.0436 -0.0036
1.6655 -0.8793 0.0470 -0.0004
1.6655 -0.7690 0.0501 0.0037
1.6655 -0.6586 0.0527 0.0086
1.6655 -0.5483 0.0545 0.0145
1.6655 -0.4379 0.0551 0.0212
1.6655 -0.3276 0.0542 0.0287
1.6655 -0.2172 0.0515 0.0365
1.6655 -0.1069 0.0468 0.0442
1.6655 0.0034 0.0400 0.0515
1.6655 0.1138 0.0311 0.0577
1.6655 0.2241 0.0206 0.0623
1.6655 0.3345 0.0088 0.0650
1.6655 0.4448 -0.0035 0.0654
1.6655 0.5552 -0.0158 0.0636
1.6655 0.6655 -0.0274 0.0597
1.6655 0.7759 -0.0377 0.0538
1.6655 0.8862 -0.0461 0.0465
1.6655 0.9966 -0.0525 0.0383
1.6655 1.1069 -0.0567 0.0297
1.6655 1.2172 -0.0588 0.0212
1.6655 1.3276 -0.0590 0.0133
1.6655 1.4379 -0.0577 0.0063
1.6655 1.5483 -0.0553 0.0003
1.6655 1.6586 -0.0520 -0.0047
1.6655 1.7690 -0.0483 -0.0086
1.6655 1.8793 -0.0443 -0.0116
1.6655 1.9897 -0.0404 -0.0137
1.6655 2.1000 -0.0365 -0.0152
1.8103 -1.1000 0.0343 -0.0025
1.8103 -0.9897 0.0367 -0.0001
1.8103 -0.8793 0.0389 0.0028
1.8103 -0.7690 0.0409 0.0062
1.8103 -0.6586 0.0423 0.0103
1.8103 -0.5483 0.0430 0.0150
1.8103 -0.4379 0.0428 0.0202
1.8103 -0.3276 0.0414 0.0257
1.8103 -0.2172 0.0388 0.0314
1.8103 -0.1069 0.0347 0.0369
1.8103 0.0034 0.0293 0.0420
1.8103 0.1138 0.0225 0.0462
1.8103 0.2241 0.0147 0.0493
1.8103 0.3345 0.0060 0.0511
1.8103 0.4448 -0.0030 0.0514
1.8103 0.5552 -0.0119 0.0501
1.8103 0.6655 -0.0204 0.0473
1.8103 0.7759 -0.0281 0.0432
1.8103 0.8862 -0.0345 0.0381
1.8103 0.9966 -0.0396 0.0323
1.8103 1.1069 -0.0432 0.0261
1.8103 1.2172 -0.0454 0.0199
1.8103 1.3276 -0.0462 0.0139
1.8103 1.4379 -0.0459 0.0084
1.8103 1.5483 -0.0447 0.0036
1.8103 1.6586 -0.0427 -0.0006
1.8103 1.7690 -0.0403 -0.0040
1.8103 1.8793 -0.0376 -0.0068
1.8103 1.9897 -0.0348 -0.0090
1.8103 2.1000 -0.0319 -0.0105
1.9552 -1.1000 0.0292 0.0000
1.9552 -0.9897 0.0309 0.0021
1.9552 -0.8793 0.0323 0.0047
1.9552 -0.7690 0.0334 0.0076
1.9552 -0.6586 0.0341 0.0110
1.9552 -0.5483 0.0342 0.0147
1.9552 -0.4379 0.0335 0.0187
1.9552 -0.3276 0.0320 0.0228
1.9552 -0.2172 0.0296 0.0270
1.9552 -0.1069 0.0262 0.0310
1.9552 0.0034 0.0219 0.0346
1.9552 0.1138 0.0166 0.0375
1.9552 0.2241 0.0107 0.0397
1.9552 0.3345 0.0042 0.0409
1.9552 0.4448 -0.0025 0.0410
1.9552 0.5552 -0.0092 0.0401
1.9552 0.6655 -0.0156 0.0381
1.9552 0.7759 -0.0213 0.0352
1.9552 0.8862 -0.0263 0.0315
1.9552 0.9966 -0.0304 0.0273
1.9552 1.1069 -0.0335 0.0227
1.9552 1.2172 -0.0355 0.0181
1.9552 1.3276 -0.0366 0.0136
1.9552 1.4379 -0.0368 0.0093
1.9552 1.5483 -0.0363 0.0054
1.9552 1.6586 -0.0352 0.0020
1.9552 1.7690 -0.0337 -0.0010
1.9552 1.8793 -0.0319 -0.0035
1.9552 1.9897 -0.0299 -0.0055
1.9552 2.1000 -0.0278 -0.0071
2.1000 -1.1000 0.0249 0.0017
2.1000 -0.9897 0.0260 0.0036
2.1000 -0.8793 0.0269 0.0057
2.1000 -0.7690 0.0275 0.0082
2.1000 -0.6586 0.0277 0.0109
2.1000 -0.5483 0.0274 0.0139
2.1000 -0.4379 0.0265 0.0170
2.1000 -0.3276 0.0251 0.0201
2.1000 -0.2172 0.0229 0.0232
2.1000 -0.1069 0.0201 0.0262
2.1000 0.0034 0.0166 0.0288
2.1000 0.1138 0.0125 0.0309
2.1000 0.2241 0.0079 0.0324
2.1000 0.3345 0.0029 0.0332
2.1000 0.4448 -0.0022 0.0333
2.1000 0.5552 -0.0072 0.0326
2.1000 0.6655 -0.0121 0.0311
2.1000 0.7759 -0.0165 0.0290
2.1000 0.8862 -0.0204 0.0263
2.1000 0.9966 -0.0237 0.0232
2.1000 1.1069 -0.0263 0.0198
2.1000 1.2172 -0.0281 0.0163
2.1000 1.3276 -0.0293 0.0128
2.1000 1.4379 -0.0298 0.0095
2.1000 1.5483 -0.0297 0.0063
2.1000 1.6586 -0.0292 0.0035
2.1000 1.7690 -0.0283 0.0010
2.1000 1.8793 -0.0271 -0.0012
2.1000 1.9897 -0.0257 -0.0030
2.1000 2.1000 -0.0242 -0.0045
